$ANSIBLE_VAULT;1.1;AES256
66383435386332643337346566666331386636383366303031333664643764333436643035613739
3662333930623933646636353330353562623761643537320a363736366464323831373239633434
38316630626630373163333731316539663963366336343365306230326464633361653334366439
3132613130393666320a366132383234303033633630306535333435323233396536323364343566
66306536386535656263623333623936363565343431663134313433626236383666373237353530
36646333326666316364613631346135386464393636323235613934353062643762303631623333
33393539303563316530613131663464343535346237623239616261396336386530386137306564
61613936643732663661333265373566383462383531613366356531303961346365616238383262
34316563303737316639323930333931643531396366626133316463313233663361656466616564
64363866336463306332373535643338616464323066666533373539646639313335303236393333
61366561653464323132303863666439343938373465386565333234316235626636363737393830
33616137613534333364353431306438663737336566353437633064346662336337623763326638
3463
